  0.7820353051  -0.8839787354   0.4968492834  -1.3812725808  -0.1067680691  -0.4063719886   1.5574722235  -0.6303379508   0.1145106766   0.8581278655  -0.7336736195   0.3527565322  -1.4049961195  -0.9314328916   0.8368078892   0.0861700224  -0.8643617700   2.0037767843  -1.3362347125  -0.6019186849 
  0.3802238478   0.4553182572  -0.3406161906   1.0229479471   1.1846671761   1.1450079955   1.2083320694  -0.3995280419   0.4056304565  -1.3603068853  -0.2674842882  -1.3626648256   0.2651131727  -0.5100869396   0.4445522340   0.8641907607  -0.3918796191  -0.1483195437   1.0850415009   0.5498481824 
 -1.1831476696  -1.0041184227  -1.4215741003  -0.8300635819   0.8336465317  -1.3185656538   0.0073759743  -0.2899677199  -1.4077306465  -0.5276168094  -0.4960910480  -2.6013305320  -0.9878126910  -0.9622208539   0.5481605406  -0.0384735300  -0.5155052374  -1.0319697246  -0.3493157768  -0.4617586757 
  0.9376740913  -1.7247410687   0.4961817848   1.3342562135  -0.6580308771  -1.7823831757  -1.0002489478   1.4182740045  -0.0304634820  -1.4088920915  -0.5898823558   0.8569036207   0.3113967250   0.8684219696  -0.3033338377  -1.7226587468  -0.4380929410  -0.8142227349  -0.5343830936   0.4037322873 
 -2.1772187416  -1.0598514631  -2.2539017139   0.2553140090   0.6872062868  -0.0773547213   2.1563820506  -0.3073820750   0.0311043418   0.9730721947  -0.3345100794   2.3353513835  -0.2106772586  -0.5521098328   0.1568772461   0.4413657540   1.5838045265  -0.3114429649   0.7000370763   1.1428277612 
 -0.0836603268  -1.3355111795   0.2962820674  -0.8993985658  -0.3531670594   0.9137257441  -0.7189993186  -1.6433478115   1.0701107055  -2.3178573987  -0.0516704249  -0.0589750309  -1.0355729044  -0.5646721868  -0.2458355103  -0.4461678236   0.1627547781   1.5957263062  -1.1261873023  -2.7985645053 
 -0.6549850456  -0.3838828040  -2.7401930390   1.3304226898  -0.0963696797   0.1938645945   1.8980217277   1.1809759386  -0.9484086923   0.7341061675   0.9673422144   2.4378802949   1.3957269465  -1.1620342856   0.1673294343   1.0204194264  -1.9264392271  -1.4652901283   0.6062882876   0.4442971410 
  0.0565446586  -0.5905145607   0.3384979033  -0.2164542564   0.1911514741   0.2758022964   0.2994178556  -0.8635733526  -0.7956491649   0.7442811405  -0.8467213919  -0.1697763597  -0.0732129313  -0.3477285818  -1.1215650176   0.8290495470  -0.1440575539  -1.3068462308  -0.0576467472   1.1062942382 
  0.3888522832  -0.4265378437   1.1958174457  -0.1640119434   1.6968029529  -0.2878500802   0.7026687492  -1.6532000258   0.2381085783   0.4789871497  -0.2990424925   1.1558330938  -0.6634433545   0.3169490933   0.0990362674  -0.2347374793  -1.2922637885  -0.1210255296   2.4017720686  -0.2722717229 
  1.3008149326   0.4500561579   0.0960224736  -0.6292717145   1.2306325015   0.9247467245  -0.6153339964   0.6126589286   0.0282800511  -0.8206004473  -0.2974887794  -0.0984364976  -0.1624221891  -0.6229620466  -1.0468988737  -0.9888888761  -1.3119852160  -0.8569564423   0.2123523055   1.4568821779 
 -3.3680852323  -1.6984910211   1.3285421975   1.0797854152  -0.9583347788   1.1750694079   0.6095946805   0.4058639636   0.9499674856   0.2176452196  -0.2707088987  -0.7790505742   0.6464373881  -2.9505668298   0.6827568868   1.4213031991   0.8843259564   0.6766616119  -0.5651442202  -0.1188532276 
  0.0045447016   1.2446442908  -0.0781154625   1.5101049637   1.9361206674   0.5445205819   0.2580518389   0.5604387021   1.7646361484   1.5184594114   1.1756911979   0.5865646172   0.0502167619  -0.1671274728  -0.2306388948   0.0448683875   0.3739237517   1.3810286377   0.3417513886   2.0806975675 
 -0.0714351789  -0.1918950640   0.6875381998  -0.7557711928   0.0855777196  -0.8848130642  -1.2473924454   0.3061736853  -0.7346231577  -1.6315910814  -0.9655635846  -0.8744010423  -0.1012611888  -1.4363898090  -1.0388024737  -0.9774959847   1.0700565660   0.6951906337  -1.1173390166  -0.3880378932 
  1.2816892528   0.2161661138  -0.9701788346  -0.1907625390   1.8973883048   0.0205472649  -1.1866043651  -1.7356282797  -0.7905005887   0.2778177902  -1.5903415999  -0.8803240507   1.5055736532   0.9208735750  -0.7626908604   0.7752098607   0.2004445157  -0.6185369614  -0.4801286976  -0.1656379364 
  0.7098466557   1.1944598143   0.1454223237  -1.1017281031  -0.8475220114   1.0830193020   1.9541669197   0.7814390045  -0.4168349868  -0.0902543565   0.1069014845  -0.1582974878   1.3928442707  -1.5187504413   1.1182375172   0.5500439028   1.4774510867  -1.3556991844  -0.7953222452  -0.2943075449 
  1.9951710623   1.8758672662  -1.0120231624  -0.1609372779  -0.1142605868  -1.1092003414   0.5977454544  -0.8770099327  -0.7418505185   1.2830812749  -0.6220869409   1.2426076754  -1.1235476142   0.0415556562   0.0084643352   0.8516593874  -0.3212888934   0.3684110315  -0.2669414214   0.4278839119 
  0.6941631989  -1.2954136209  -0.0781826034  -0.1978781642   0.5047719267  -0.1821804063  -1.1736302752   0.0069685810  -1.2576913849   0.5244982865   0.5562563235   1.7079243083   0.8900449994   0.6664540723  -0.3604048063   0.3774325099  -0.4679365676   0.0561840502   0.9590350710  -0.8207818559 
  0.2574562473   0.0415778414   0.2083053104   2.3631579105  -0.6274224656  -1.3258020474   0.3484849127   1.9808152252  -1.0284833309  -1.5690887703  -0.6827868804   1.7893386809  -0.3376125406   0.0893211331  -0.1868693408   2.4796816685   0.0784416987  -0.1911821631   1.3713812120  -0.3108969920 
  1.4868009511   0.2232071034  -0.8492485436   0.6246474896   0.3027275922  -0.5770848962   1.0154008581   0.1464069237  -0.6694692382   0.6445830242   2.4374397849   2.3696933296  -0.0648573465  -0.5561684991  -0.3385031656   0.0341451483  -1.3143529400   1.5385101122   1.1568010159   0.7145575748 
 -0.0410757639  -1.3009791058  -0.2933907218   0.0485061047   0.4496697540  -2.0219863709   0.8237292954  -0.8490899297   0.6687879879  -0.9656851707  -0.5540693884   1.2911926077   1.8051673604  -2.1800145184  -0.4629381536   0.3824546847  -0.1333914299  -0.2159275661   2.0701936537  -0.4897722923 
 -0.0709388205   0.6224730263   0.0366628074  -0.7225134602   2.5135701970   0.1375149278  -0.9506978026   0.3088858792   1.3999269440   0.8466357646   0.6280695777   1.4994527273   0.5858292962  -0.6681883630  -0.0116750347  -0.3158593308   0.3993523533  -0.3779247675   0.7004773581  -0.0411955261 
  0.9890126407  -0.6299713180   0.1246810139   0.4304297700   0.2281368160  -2.1486706125   1.8184081661  -3.0786303879  -0.9878818485   0.0086018905  -0.9395910705   0.3451073501   0.1768844378  -2.4820858154  -2.3797050674  -0.1252407552  -0.1567632164  -0.8329225551  -0.8402362940   0.8224022332 
 -1.0582836952  -0.1702539547   0.5250854588  -0.5166326831  -0.3597174463  -0.8334321790   0.5975435987  -0.7923327492   0.8139371494   0.7305330027  -0.2847719016   1.4027878954   0.2466811542   0.6804775050  -1.9519820454  -0.8720365576  -0.0861298656   0.0965009466  -1.2493089199  -0.8355753439 
 -0.1735660743  -1.1022190716   0.8351005099   1.5698306913   0.8281501417  -0.0555386767  -1.2246803157  -0.1624642452  -0.6669829326  -0.6247218072   0.8477758560   1.6145558574  -0.2895505099  -0.6208248155  -0.8691515703   1.0212784461  -0.7325451142   0.6506815741  -0.4956225280   0.2309223046 
 -0.7810840692   0.5263708374  -0.5406793912  -2.3606578641   0.6750930919   1.0502521231  -1.4568532683   0.0563285207   0.5361978280  -1.9314481686  -0.0169137895  -0.2627656864  -2.0275788083  -0.2973051952  -0.7237314688   0.1483667544   0.1702315461   0.6644308337   0.4356691777  -0.7030923074 
 -0.4632454754  -0.1248785942  -0.1446635427  -0.4151341937  -0.2725767877  -1.1138459649  -1.0054073868   1.7442144898  -1.2349348290   0.2619527325   1.1697812863   0.5286038990   1.5921573663   0.5833559360   2.0457056984   1.5927705599  -3.1812033639   1.7470880829  -1.0781289025  -0.9327322450 
  0.0624933373  -1.2804705369  -0.4745531990   0.9759072770  -0.6164512139  -1.2734046882  -0.8459410523  -0.5985461242   0.8050474343   0.6898063027   0.5844640596   0.6593898008  -0.4360781859  -0.0934967560  -0.8655337671   0.4293523568  -0.9599356342   0.0706023275  -0.8205998146   0.4423513692 
  1.2186774366  -0.2953811571   1.2138388851   0.1673864890   0.1962966402  -0.9344700811  -0.0601279434   1.6272460543   1.3504662979   0.0963851102   0.0265671655  -1.5226752188   1.8657245906   0.5720368044  -0.7321596574   1.2789633379  -0.6530673126  -1.0353401789   1.2416199282   0.1552645910 
  2.0046993014  -1.0501284973  -0.2668170214  -0.1803119897   0.5084658574   0.6955345971  -0.8843472757   0.1396076647   0.1986874832   0.5045876088   0.2323385434   1.1263111131   0.2007923546  -1.1004164495   0.3518185110   0.5638632184  -0.5643826019   1.2373902268   0.0751755017   0.3702707710 
  0.0279658703  -0.1174238951   0.1214703452  -0.1056327216  -1.5139304847   0.2790784622   0.3427043928  -0.3114469902  -0.3639522469  -0.3366125443   0.8595681024  -0.8440447847   2.1669504281  -0.9572923957  -1.3652432490  -0.3791111066  -0.2589361001   0.1294060026   0.9590774171  -0.5326522612 
  0.4303231710  -0.3866016398   0.3944991344  -0.0512674321  -0.5830521945  -0.1142184281  -1.1686830846   1.8542280005  -0.3626879692   0.5027398849   0.7253702475  -0.4592433264  -1.1776553994  -0.2230101940  -0.5522704629   1.4007400140   0.4084589103  -0.2023962435  -0.4642272825   0.9126471609 
  2.2481656426   0.3081018737  -1.4712122571   0.5263513625  -0.8503199683   0.4799120781  -0.1542699394  -1.7718377673   2.3314610470   1.9682320916  -0.9211425440  -1.2648433231  -1.2165532248   1.1749769771  -0.2965975854  -0.0504910953  -0.3356043785   1.0450720302   0.5531527284   2.3688772565 
  0.1787487177   1.0418949464  -0.2480359916   0.7679169371   1.6633676609   0.5252544217  -1.6985555335   0.1278003802  -1.7922441290   1.0076078803   0.2065847586  -1.2116405021   0.2794383578   1.7508942789  -0.8354177819  -0.1199298449   1.4257917500  -0.9003722961   0.4196788117   0.2854866737 
  0.0110759577   0.7913281601  -0.8408813462   1.2934612358   0.6759311361   1.8774477359  -1.1985112573   1.0927799951   0.0916674141   0.7408287963   0.7750510711  -0.3014079189  -1.0703201800   0.1585420578   0.4803374181  -0.2254139297  -1.5128491687   1.4956146310  -1.7115092612  -0.1583025911 
 -0.0250903899   1.3480480038  -0.1280091526   0.4213832619   0.4600646946  -1.1469526323  -1.3137319402   0.9698349014  -2.3698865317   0.4157041533  -1.3359672667   0.1736178243  -0.1297708063  -1.2208707455  -0.9256594965  -1.5706253795  -1.0259006732   0.2897071797   0.1662027384  -0.0948014434 
  0.5478916401   1.1570904209   2.0238885728  -0.8346662504  -0.6866532399   0.9500696886  -0.0744318657  -0.0368260286  -0.7458477091  -3.1871795422  -0.0459549179   1.9401523030   0.7981528713  -0.2191548847   0.0690786315   0.5396299669  -1.8160420686   0.3870408822   0.0581079285  -0.2182056341 
 -0.1026345511  -0.6161605172  -0.4741926343  -0.6568692495  -0.9363607832   0.0334057437  -1.0497545007   0.0920659202  -0.1747607391  -1.4600694963   0.3782141840   0.2969447079   0.2810437121  -1.5309615117  -0.0631096096  -1.1141197013  -0.9117214790   1.0093896441   0.1225809346   0.8380491095 
  0.6074678684  -0.0328248566  -2.2130464333  -1.2007156301   2.3411753017   0.3324734107   1.2986165953  -1.0092852283  -0.5140847056   0.1527241785  -0.3608803622   0.4410129861   0.2821105497   0.2580640669  -2.2199955405   0.1370974398  -1.1278762839   0.2858393630   0.9114021587  -2.3169614421 
 -1.2787112496  -1.2566979981  -2.1093112352   0.3042787283   1.6186264922   0.1949966111   0.2137643858  -2.0927292828  -0.1664462666  -1.3521004923  -0.1122939962   0.7671612600   0.8079036785   1.0437730587  -1.5897193196  -1.3489243511   0.8574280529   0.2433504905  -1.5300872696   1.2374593485 
  0.3970648876   0.1760347367   0.4087786125   0.8966540070  -0.8065174312   0.2037253504  -0.7450581163   1.5278402594  -0.0288829257  -0.2623976240   0.7100634795   0.8716632062  -1.1920288546  -0.1841041346  -0.3535501608  -0.3292053665  -0.6251772834   0.1057151556   0.9268806300  -0.7171215240 
 -0.4619411273   1.1667934862   1.6455976408  -0.3992732237   0.9898028387   0.2075783567  -1.4960808163  -0.9615875539   0.9275043856   0.6417684600  -0.7862124326  -0.8369272730  -0.2865801333  -1.6461277375   1.6008985467  -1.4311243289  -0.1530050607  -0.5796855247   1.6933431984  -2.1370840922 
  2.6244779534  -0.7673465717  -0.2020196263   0.4325660358   0.3447217599  -1.1778194680   0.1235177496  -1.3246249655   0.3943787451   1.2480780099  -0.3587189345  -0.8996756591  -1.7961962264  -1.2151315438  -3.8352418383  -1.3770776861  -1.0552506781  -1.4511255333  -0.4827315087   0.6978452512 
 -2.0711895725   0.0321686379  -1.4790130045  -0.3254472212  -0.3227780561   2.1551250471   0.5733548352  -0.4316903975  -0.5247399846  -0.5132673300  -0.0098340487   1.0764664976   0.0724287346   0.2406561182   1.4176472904   0.2364064458   0.1640004799   0.4081379603  -0.4357702298  -0.3103313338 
  1.8218544525   1.2049389359  -1.4197222808   1.5915571901   1.4415045832   0.4570573235  -0.1948732090   0.3679412068   0.0217540976  -1.0973737910  -0.2027092052   0.2551255926   0.7418912521  -0.7277774386  -0.0483309043   1.2665447614   1.7766280982   0.7467340528   0.4340676419   0.1486265106 
  0.0022359163   1.9499582644  -0.0694370046  -0.4406955552   0.6184229185   0.1908378820  -0.7052855328  -0.0635717701   1.5213962992  -0.7983290015  -1.1705444336  -1.5713796756  -1.2645329294   0.0193779518  -0.6436841311   0.7184691116   1.2905172352   1.5034987296  -0.7707648708   0.8735871775 
 -0.7256875052   2.8764327348  -0.5898581007  -0.3827694106  -0.1311321999   0.0688369346  -1.9131460707   0.2399228472  -0.1646132726   0.6785315655  -0.7597750220  -0.1864508138   0.3223160677   1.4204374064  -2.2528655370  -0.2785562229  -1.4204495966  -0.2888444559  -1.3149974435  -0.0826816647 
 -0.6942373868   1.0025947926   1.3107073861  -0.4665804701  -1.3090385143  -1.1162555481  -0.0534350638  -1.0364779699   1.8029174042  -2.7106558186   0.8111631028  -0.8740714466   0.9765829617   2.5072473272   1.5968868127  -1.4071733166   0.9842543106   2.1388344314  -0.6732452782   1.9972022268 
 -0.2243878066  -0.0793786628   1.0863102584  -0.7364307558  -1.8895697924   0.9798253478   2.4885596565   0.5501697138  -0.8944797621  -1.0909381832   0.6137413719   0.3411675447  -0.2367312694  -0.8115205942   0.0788181285   1.1759984973  -0.9218788999  -0.2011442030   1.0169822527  -0.3803396460 
  0.5339896567   0.6707844068   1.9472306799  -0.7449720522  -1.6820273569   0.6855585880  -0.7806360783  -1.1671568446   0.0846301214  -0.3745446955   1.6921075433   0.9875983831  -0.0555632634  -1.6762532664  -0.6573346771   0.4249335720  -2.0182128231  -0.5955490011   0.5832179657   0.1244425276 
  1.8588374865   1.4785789592   0.4924414939  -2.4869962244   1.1138566423  -1.2562860294   0.9790310316  -0.7922868868  -1.3909079152  -0.3017486203  -0.1878956327   0.0725860178  -0.0298367074   1.9617546611  -0.9780347935   0.5341219019   1.6943029661  -1.3228234146  -0.1641203789   1.0043965965